Version 0.9.7
4
 4 6 278 77 128 0 1
 5 306 114 206 81 2 2
 0 123 219 877 276 8 3
 6 541 91 449 130 140 6
 1
66
 255 5 67 292 67 292 67 233 67 233 176 233 176 233 0 1 0 3
 255 5 943 233 943 233 1007 233 1007 480 943 480 943 480 0 3 0 3
 0 5 67 391 67 391 67 467 67 467 176 467 176 467 0 1 0 3
 0 5 943 467 943 467 998 467 998 246 943 246 943 246 0 3 0 3
 0 5 527 285 527 285 527 285 527 246 527 246 527 246 0 3 0 3
 255 5 527 428 527 428 522 428 522 480 527 480 527 480 0 3 0 3
 255 5 557 118 557 118 553 118 553 118 553 233 553 233 0 6 0 3
 0 5 722 428 722 428 722 428 722 467 722 467 722 467 0 3 0 3
 255 5 631 285 631 285 626 285 626 233 631 233 631 233 0 3 0 3
 65535 5 566 337 566 337 566 337 566 376 566 376 566 376 0 3 0 3
 65535 5 579 337 579 337 579 337 579 376 579 376 579 376 0 3 0 3
 65535 5 592 337 592 337 592 337 592 376 592 376 592 376 0 3 0 3
 65535 5 605 337 605 337 605 337 605 376 605 376 605 376 0 3 0 3
 0 5 321 183 321 183 314 183 314 246 319 246 319 246 0 2 0 3
 255 5 306 233 306 233 306 125 306 125 321 125 321 125 0 3 0 2
 65535 5 709 428 709 428 709 441 566 441 566 428 566 428 0 3 0 3
 65535 5 605 428 605 428 605 441 696 441 696 428 696 428 0 3 0 3
 65535 5 631 428 632 428 632 440 579 440 579 428 579 428 0 3 0 3
 65535 5 592 428 592 428 592 440 644 440 644 428 644 428 0 3 0 3
 65535 5 514 285 514 285 514 274 605 274 605 285 605 285 0 3 0 3
 65535 5 553 298 553 298 553 291 592 291 592 298 592 298 0 3 0 3
 65535 5 540 311 540 311 540 304 579 304 579 311 579 311 0 3 0 3
 65535 5 501 324 501 324 501 316 566 316 566 324 566 324 0 3 0 3
 16777215 5 475 389 475 389 475 383 566 383 566 389 566 389 0 3 0 3
 0 5 553 428 553 428 553 428 553 467 553 467 553 467 0 3 0 3
 255 5 371 285 371 285 371 285 371 233 371 233 371 233 0 3 0 3
 0 5 449 428 449 428 449 428 449 467 449 467 449 467 0 3 0 3
 255 5 267 285 267 285 267 285 267 233 267 233 267 233 0 3 0 3
 0 5 345 467 345 467 345 467 345 428 345 428 345 428 0 3 0 3
 0 5 553 389 553 389 553 389 540 389 540 389 540 389 0 3 0 3
 33023 5 488 389 488 389 488 389 501 389 501 389 501 389 0 3 0 3
 16711680 5 566 415 566 415 566 422 267 422 267 415 267 415 0 3 0 3
 16711680 5 605 415 605 415 605 422 280 422 280 415 280 415 0 3 0 3
 16711680 5 293 415 293 415 293 415 306 415 306 415 306 415 0 3 0 3
 16711680 5 475 324 475 332 317 332 317 415 319 415 319 415 0 3 0 3
 16711680 5 332 415 332 415 332 406 501 406 501 415 501 415 0 3 0 3
 255 5 774 285 774 285 770 285 770 233 774 233 774 233 0 3 0 3
 0 5 943 285 943 285 935 285 935 246 930 246 930 246 0 3 0 3
 255 5 943 428 943 428 938 428 938 480 930 480 930 480 0 3 0 3
 65280 5 813 285 813 285 813 272 794 272 794 214 786 214 0 3 0 6
 65280 5 826 285 820 285 820 269 807 269 807 214 799 214 0 3 0 6
 65280 5 812 214 820 214 820 269 837 269 837 285 839 285 0 6 0 3
 65280 5 852 285 855 285 855 268 835 268 835 214 825 214 0 3 0 6
 65280 5 838 214 846 214 846 266 865 266 865 285 865 285 0 6 0 3
 0 5 969 428 969 428 969 428 956 428 956 428 956 428 0 3 0 3
 33023 5 904 428 904 428 904 428 917 428 917 428 917 428 0 3 0 3
 0 5 865 428 865 428 865 428 865 467 865 467 865 467 0 3 0 3
 65535 5 774 389 774 389 774 372 960 372 960 324 956 324 0 3 0 3
 65535 5 787 389 787 389 787 368 969 368 969 324 969 324 0 3 0 3
 65535 5 930 324 930 324 930 334 839 334 839 389 839 389 0 3 0 3
 65535 5 917 324 917 324 917 338 852 338 852 389 852 389 0 3 0 3
 16777215 5 917 311 917 311 917 318 897 318 897 389 891 389 0 3 0 3
 16777215 5 891 324 886 324 886 395 501 395 501 402 501 402 0 3 0 3
 65280 5 787 285 787 285 787 255 860 255 860 214 851 214 0 3 0 6
 65280 5 800 285 800 285 800 262 873 262 873 214 864 214 0 3 0 6
 65280 5 670 285 670 285 664 285 664 224 890 224 890 214 0 3 0 6
 65280 5 683 285 679 285 679 218 903 218 903 214 903 214 0 3 0 6
 65280 5 696 285 696 285 691 285 691 218 916 218 916 214 0 3 0 6
 65280 5 709 285 709 285 703 285 703 221 929 221 929 214 0 3 0 6
 65280 5 722 285 722 285 714 285 714 225 942 225 942 214 0 3 0 6
 65280 5 644 285 651 285 651 305 955 305 955 214 955 214 0 3 0 6
 65280 5 657 285 657 285 657 291 968 291 968 214 968 214 0 3 0 6
 16711680 5 774 428 774 443 246 443 246 324 280 324 280 324 0 3 0 3
 16711680 5 787 428 787 428 787 449 293 449 293 324 293 324 0 3 0 3
 16777215 5 475 285 475 285 365 285 365 285 365 151 365 151 0 3 0 2
 16777215 5 306 324 306 324 917 324 917 324 917 389 917 389 0 3 0 3
5
 7047 1 16 625 337 5 0 0 14992 3
 7093 1 14 469 337 5 0 0 18668 3
 7008 1 14 261 337 5 0 0 18668 3
 7093 1 14 885 337 5 0 0 18668 3
 7047 1 16 768 337 5 0 0 18668 3
