Version 0.9.7
5
 4 10 175 77 128 0 1
 5 80 400 206 81 2 2
 0 110 110 877 276 8 3
 1 147 389 206 81 146 4
 3 363 392 203 58 156 5
 0
18
 255 5 71 189 71 189 71 124 71 124 163 124 163 124 0 1 0 3
 255 5 930 124 930 124 938 124 938 371 930 371 930 371 0 3 0 3
 0 5 71 288 71 288 71 358 71 358 163 358 163 358 0 1 0 3
 0 5 930 358 930 358 925 358 925 137 930 137 930 137 0 3 0 3
 0 5 293 319 293 319 293 319 293 358 293 358 293 358 0 3 0 3
 255 5 215 124 215 124 209 124 209 176 215 176 215 176 0 3 0 3
 255 5 162 400 162 400 163 400 163 400 163 371 163 371 0 4 0 3
 0 5 162 458 162 458 182 458 182 358 176 358 176 358 0 4 0 3
 65280 5 215 319 215 319 222 319 222 319 222 400 222 400 0 3 0 4
 65793 5 189 358 189 358 189 364 209 364 209 429 374 429 0 3 0 5
 12615935 5 241 319 241 319 247 319 247 400 241 400 241 400 0 3 0 4
 33023 5 267 319 267 319 275 319 275 400 260 400 260 400 0 3 0 4
 8454016 5 228 306 228 306 228 311 410 311 410 306 410 306 0 3 0 3
 8454016 5 410 319 410 319 420 319 420 436 409 436 409 436 0 3 0 5
 16711935 5 254 293 254 293 254 298 436 298 436 293 436 293 0 3 0 3
 33023 5 280 280 280 280 280 285 462 285 462 280 462 280 0 3 0 3
 33023 5 462 319 472 319 472 388 541 388 541 436 549 436 0 3 0 5
 16711935 5 436 319 444 319 444 389 460 389 460 436 469 436 0 3 0 5
1
 7004 1 14 209 228 5 0 0 124 3
