Version 0.9.7
5
 4 6 278 77 128 0 1
 5 306 114 206 81 2 2
 0 123 219 877 276 8 3
 6 594 88 449 130 150 6
 2 367 496 206 81 183 7
 1
39
 255 5 67 292 67 292 67 233 67 233 176 233 176 233 0 1 0 3
 255 5 943 233 943 233 1007 233 1007 480 943 480 943 480 0 3 0 3
 0 5 67 391 67 391 67 467 67 467 176 467 176 467 0 1 0 3
 0 5 943 467 943 467 998 467 998 246 943 246 943 246 0 3 0 3
 0 5 527 285 527 285 527 285 527 246 527 246 527 246 0 3 0 3
 255 5 527 428 527 428 522 428 522 480 527 480 527 480 0 3 0 3
 255 5 610 115 610 115 553 115 553 115 553 233 553 233 0 6 0 3
 0 5 722 428 722 428 722 428 722 467 722 467 722 467 0 3 0 3
 255 5 631 285 631 285 626 285 626 233 631 233 631 233 0 3 0 3
 65280 5 670 285 665 285 665 225 735 225 735 211 735 211 0 3 0 6
 65280 5 683 285 676 285 676 225 748 225 748 211 748 211 0 3 0 6
 65280 5 696 285 689 285 689 226 761 226 761 211 761 211 0 3 0 6
 65280 5 709 285 703 285 703 226 774 226 774 211 774 211 0 3 0 6
 65280 5 722 285 716 285 716 227 787 227 787 211 787 211 0 3 0 6
 65280 5 644 285 639 285 639 226 800 226 800 211 800 211 0 3 0 6
 65280 5 657 285 651 285 651 226 813 226 813 211 813 211 0 3 0 6
 65535 5 566 337 566 337 566 337 566 376 566 376 566 376 0 3 0 3
 65535 5 579 337 579 337 579 337 579 376 579 376 579 376 0 3 0 3
 65535 5 592 337 592 337 592 337 592 376 592 376 592 376 0 3 0 3
 65535 5 605 337 605 337 605 337 605 376 605 376 605 376 0 3 0 3
 0 5 321 183 321 183 314 183 314 246 319 246 319 246 0 2 0 3
 255 5 306 233 306 233 306 125 306 125 321 125 321 125 0 3 0 2
 255 5 382 507 382 507 382 480 382 480 384 480 384 480 0 7 0 3
 0 5 371 467 371 467 366 467 366 565 382 565 382 565 0 3 0 7
 0 5 553 415 553 415 553 415 540 415 540 415 540 415 0 3 0 3
 16777215 5 475 285 475 278 443 278 443 151 441 151 441 151 0 3 0 2
 65535 5 709 428 709 428 709 441 566 441 566 428 566 428 0 3 0 3
 65535 5 605 428 605 428 605 441 696 441 696 428 696 428 0 3 0 3
 16777215 5 826 211 826 211 834 211 834 84 441 84 441 125 0 6 0 2
 65535 5 631 428 632 428 632 440 579 440 579 428 579 428 0 3 0 3
 65535 5 592 428 592 428 592 440 644 440 644 428 644 428 0 3 0 3
 65535 5 514 285 514 285 514 274 605 274 605 285 605 285 0 3 0 3
 65535 5 553 298 553 298 553 291 592 291 592 298 592 298 0 3 0 3
 65535 5 540 311 540 311 540 304 579 304 579 311 579 311 0 3 0 3
 65535 5 501 324 501 324 501 316 566 316 566 324 566 324 0 3 0 3
 16777215 5 475 389 475 389 475 395 566 395 566 389 566 389 0 3 0 3
 0 5 553 428 553 428 553 428 553 467 553 467 553 467 0 3 0 3
 33023 5 501 415 501 415 501 415 488 415 488 415 488 415 0 3 0 3
 33023 5 501 428 501 428 496 428 496 507 499 507 499 507 0 3 0 7
2
 7090 1 14 469 337 5 0 0 14992 3
 7047 1 16 625 337 5 0 0 14992 3