Version 0.9.7
6
 4 6 278 77 128 0 1
 5 107 121 206 81 2 2
 0 123 219 877 276 8 3
 6 1016 74 449 130 140 6
 2 329 120 206 81 173 8
 0 815 493 877 276 183 9
 1
152
 255 5 67 292 67 292 67 233 67 233 176 233 176 233 0 1 0 3
 255 5 943 233 943 233 1007 233 1007 480 943 480 943 480 0 3 0 3
 0 5 67 391 67 391 67 467 67 467 176 467 176 467 0 1 0 3
 0 5 943 467 943 467 998 467 998 246 943 246 943 246 0 3 0 3
 0 5 527 285 527 285 527 285 527 246 527 246 527 246 0 3 0 3
 255 5 527 428 527 428 522 428 522 480 527 480 527 480 0 3 0 3
 255 5 1032 101 1032 101 553 101 553 101 553 233 553 233 0 6 0 3
 0 5 722 428 722 428 722 428 722 467 722 467 722 467 0 3 0 3
 255 5 631 285 631 285 626 285 626 233 631 233 631 233 0 3 0 3
 65535 5 566 337 566 337 566 337 566 376 566 376 566 376 0 3 0 3
 65535 5 579 337 579 337 579 337 579 376 579 376 579 376 0 3 0 3
 65535 5 592 337 592 337 592 337 592 376 592 376 592 376 0 3 0 3
 65535 5 605 337 605 337 605 337 605 376 605 376 605 376 0 3 0 3
 65535 5 709 428 709 428 709 441 566 441 566 428 566 428 0 3 0 3
 65535 5 605 428 605 428 605 441 696 441 696 428 696 428 0 3 0 3
 65535 5 631 428 632 428 632 440 579 440 579 428 579 428 0 3 0 3
 65535 5 592 428 592 428 592 440 644 440 644 428 644 428 0 3 0 3
 65535 5 514 285 514 285 514 274 605 274 605 285 605 285 0 3 0 3
 65535 5 553 298 553 298 553 291 592 291 592 298 592 298 0 3 0 3
 65535 5 540 311 540 311 540 304 579 304 579 311 579 311 0 3 0 3
 65535 5 501 324 508 324 508 316 566 316 566 324 566 324 0 3 0 3
 16777215 5 475 389 475 389 475 383 566 383 566 389 566 389 0 3 0 3
 0 5 553 428 553 428 553 428 553 467 553 467 553 467 0 3 0 3
 255 5 371 285 371 285 371 285 371 233 371 233 371 233 0 3 0 3
 0 5 449 428 449 428 449 428 449 467 449 467 449 467 0 3 0 3
 255 5 267 285 267 285 267 285 267 233 267 233 267 233 0 3 0 3
 0 5 345 467 345 467 345 467 345 428 345 428 345 428 0 3 0 3
 0 5 553 389 553 389 553 389 540 389 540 389 540 389 0 3 0 3
 33023 5 488 389 488 389 488 389 501 389 501 389 501 389 0 3 0 3
 255 5 774 285 774 285 770 285 770 233 774 233 774 233 0 3 0 3
 0 5 943 285 943 285 935 285 935 246 930 246 930 246 0 3 0 3
 255 5 943 428 943 428 938 428 938 480 930 480 930 480 0 3 0 3
 65280 5 813 285 813 290 1260 290 1260 197 1261 197 1261 197 0 3 0 6
 65280 5 826 285 826 285 1269 285 1269 197 1274 197 1274 197 0 3 0 6
 65280 5 1287 197 1287 197 1283 197 1283 280 839 280 839 285 0 6 0 3
 65280 5 852 285 855 285 855 276 1300 276 1300 197 1300 197 0 3 0 6
 65280 5 1313 197 1313 197 1313 268 865 268 865 285 865 285 0 6 0 3
 0 5 865 428 865 428 865 428 865 467 865 467 865 467 0 3 0 3
 65535 5 774 389 774 389 774 397 960 397 960 324 956 324 0 3 0 3
 65535 5 787 389 787 389 787 381 969 381 969 324 969 324 0 3 0 3
 65535 5 930 324 930 324 930 334 839 334 839 389 839 389 0 3 0 3
 65535 5 917 324 917 324 917 338 852 338 852 389 852 389 0 3 0 3
 16777215 5 917 311 917 316 897 316 897 389 891 389 891 389 0 3 0 3
 65280 5 787 285 787 285 787 265 1326 265 1326 197 1326 197 0 3 0 6
 65280 5 800 285 800 285 800 272 1338 272 1338 197 1339 197 0 3 0 6
 65280 5 670 285 670 285 664 285 664 215 1365 215 1365 197 0 3 0 6
 65280 5 683 285 679 285 679 226 1380 226 1380 197 1378 197 0 3 0 6
 65280 5 696 285 696 285 691 285 691 219 1391 219 1391 197 0 3 0 6
 65280 5 709 285 709 285 703 285 703 222 1404 222 1404 197 0 3 0 6
 65280 5 722 285 722 285 722 230 1417 230 1417 197 1417 197 0 3 0 6
 65280 5 644 285 651 285 651 210 1430 210 1430 197 1430 197 0 3 0 6
 65280 5 657 285 657 285 657 233 1443 233 1443 197 1443 197 0 3 0 6
 33023 5 904 415 904 415 904 415 917 415 917 415 917 415 0 3 0 3
 33023 5 748 389 748 389 748 395 384 395 384 389 384 389 0 3 0 3
 16711680 5 787 428 787 428 787 450 280 450 280 428 280 428 0 3 0 3
 0 5 956 415 956 415 956 415 969 415 969 415 969 415 0 3 0 3
 0 5 956 428 956 428 956 467 956 467 930 467 930 467 0 3 0 3
 16777215 5 891 324 891 324 891 331 514 331 514 324 514 324 0 3 0 3
 16711680 5 852 428 852 428 852 455 267 455 267 428 267 428 0 3 0 3
 16711680 5 293 428 293 428 293 428 306 428 306 428 306 428 0 3 0 3
 33023 5 904 402 896 402 896 447 402 447 402 402 397 402 0 3 0 3
 16711680 5 332 389 332 389 332 396 371 396 371 389 371 389 0 3 0 3
 16711680 5 345 324 345 332 317 332 317 389 319 389 319 389 0 3 0 3
 16711680 5 332 311 332 311 332 315 501 315 501 311 501 311 0 3 0 3
 16711680 5 514 298 514 298 514 303 319 303 319 298 319 298 0 3 0 3
 33023 5 748 376 748 376 748 376 748 337 748 337 748 337 0 3 0 3
 33023 5 518 157 534 157 534 237 748 237 748 285 748 285 0 8 0 3
 255 5 344 131 344 131 338 131 338 233 345 233 345 233 0 8 0 3
 0 5 344 189 344 189 351 189 351 246 345 246 345 246 0 8 0 3
 0 5 189 467 189 467 183 467 183 513 881 513 881 507 0 3 0 9
 255 5 202 480 202 480 199 480 199 526 894 526 894 520 0 3 0 9
 255 5 1635 520 1635 520 1696 520 1696 754 1635 754 1635 754 0 9 0 9
 0 5 1635 741 1635 741 1705 741 1705 507 1635 507 1635 507 0 9 0 9
 0 5 1388 702 1388 702 1388 702 1388 741 1388 741 1388 741 0 9 0 9
 0 5 1115 702 1115 702 1115 702 1115 741 1115 741 1115 741 0 9 0 9
 0 5 1206 559 1206 559 1201 559 1201 507 1206 507 1206 507 0 9 0 9
 0 5 933 559 933 559 930 559 930 507 933 507 933 507 0 9 0 9
 255 5 933 702 933 702 929 702 929 754 933 754 933 754 0 9 0 9
 255 5 1297 559 1297 559 1297 559 1297 520 1297 520 1297 520 0 9 0 9
 255 5 189 233 189 233 102 233 102 132 122 132 122 132 0 3 0 2
 0 5 176 246 176 246 122 246 122 246 122 190 122 190 0 3 0 2
 65535 5 972 611 972 611 972 611 972 650 972 650 972 650 0 9 0 9
 65535 5 985 611 985 611 985 611 985 650 985 650 985 650 0 9 0 9
 65535 5 998 611 998 611 998 611 998 650 998 650 998 650 0 9 0 9
 65535 5 1011 611 1011 611 1011 611 1011 650 1011 650 1011 650 0 9 0 9
 65535 5 1245 611 1245 611 1245 611 1245 650 1245 650 1245 650 0 9 0 9
 65535 5 1258 611 1258 611 1258 611 1258 650 1258 650 1258 650 0 9 0 9
 65535 5 1271 611 1271 611 1271 611 1271 650 1271 650 1271 650 0 9 0 9
 65535 5 1284 611 1284 611 1284 611 1284 650 1284 650 1284 650 0 9 0 9
 16777215 5 972 663 972 663 972 657 881 657 881 663 881 663 0 9 0 9
 16777215 5 1245 663 1245 663 1245 656 1154 656 1154 663 1154 663 0 9 0 9
 65793 5 946 689 946 689 946 689 959 689 959 689 959 689 0 9 0 9
 65793 5 959 702 959 702 959 702 959 741 959 741 959 741 0 9 0 9
 255 5 1206 702 1206 702 1197 702 1197 754 1206 754 1206 754 0 9 0 9
 0 5 1219 689 1219 689 1219 689 1232 689 1232 689 1232 689 0 9 0 9
 0 5 1232 702 1232 702 1232 702 1232 741 1232 741 1232 741 0 9 0 9
 65535 5 907 559 907 559 907 547 972 547 972 559 972 559 0 9 0 9
 65535 5 920 572 920 572 920 566 1011 566 1011 572 1011 572 0 9 0 9
 65535 5 1180 559 1180 559 1180 551 1245 551 1245 559 1245 559 0 9 0 9
 65535 5 1193 572 1193 572 1193 565 1284 565 1284 572 1284 572 0 9 0 9
 65535 5 946 585 946 585 946 576 985 576 985 585 985 585 0 9 0 9
 65535 5 959 598 959 598 959 592 998 592 998 598 998 598 0 9 0 9
 65535 5 1219 585 1219 585 1219 579 1258 579 1258 585 1258 585 0 9 0 9
 65535 5 1232 598 1232 598 1232 591 1271 591 1271 598 1271 598 0 9 0 9
 65535 5 1258 663 1258 663 1258 656 1297 656 1297 663 1297 663 0 9 0 9
 65535 5 1271 676 1271 676 1271 669 1310 669 1310 676 1310 676 0 9 0 9
 65535 5 1284 689 1284 689 1284 685 1362 685 1362 689 1362 689 0 9 0 9
 65535 5 1245 702 1245 702 1245 697 1375 697 1375 702 1375 702 0 9 0 9
 65535 5 972 702 972 702 972 697 1102 697 1102 702 1102 702 0 9 0 9
 65535 5 1011 689 1011 689 1011 682 1089 682 1089 689 1089 689 0 9 0 9
 65535 5 998 676 998 676 998 671 1037 671 1037 676 1037 676 0 9 0 9
 65535 5 985 663 985 663 985 659 1024 659 1024 663 1024 663 0 9 0 9
 255 5 1024 559 1024 559 1024 559 1024 520 1024 520 1024 520 0 9 0 9
 65280 5 1037 559 1033 559 1033 476 1118 476 1118 197 1118 197 0 9 0 6
 65280 5 1050 559 1045 559 1045 481 1131 481 1131 197 1131 197 0 9 0 6
 65280 5 1063 559 1063 559 1055 559 1055 197 1053 197 1053 197 0 9 0 6
 65280 5 1076 559 1076 559 1070 559 1070 197 1066 197 1066 197 0 9 0 6
 65280 5 1089 559 1089 559 1079 559 1079 559 1079 197 1079 197 0 9 0 6
 65280 5 1102 559 1102 559 1092 559 1092 559 1092 197 1092 197 0 9 0 6
 65280 5 1115 559 1115 559 1105 559 1105 559 1105 197 1105 197 0 9 0 6
 65280 5 1310 559 1310 559 1310 466 1222 466 1222 197 1222 197 0 9 0 6
 65280 5 1323 559 1323 559 1323 477 1235 477 1235 197 1235 197 0 9 0 6
 65280 5 1336 559 1336 559 1336 483 1157 483 1157 197 1157 197 0 9 0 6
 65280 5 1349 559 1349 559 1349 471 1170 471 1170 197 1170 197 0 9 0 6
 65280 5 1362 559 1362 559 1362 463 1183 463 1183 197 1183 197 0 9 0 6
 65280 5 1375 559 1375 559 1375 458 1196 458 1196 197 1196 197 0 9 0 6
 65280 5 1388 559 1388 559 1388 451 1209 451 1209 197 1209 197 0 9 0 6
 16777215 5 166 158 166 158 166 289 475 289 475 285 475 285 0 2 0 3
 16777215 5 842 559 842 559 842 566 391 566 391 428 397 428 0 9 0 3
 16777215 5 842 572 848 572 848 540 1148 540 1148 572 1154 572 0 9 0 9
 16777215 5 1284 598 1284 598 1284 605 881 605 881 598 881 598 0 9 0 9
 33023 5 855 611 855 611 855 611 855 650 855 650 855 650 0 9 0 9
 33023 5 894 663 894 663 894 663 907 663 907 663 907 663 0 9 0 9
 33023 5 1167 663 1167 663 1167 663 1180 663 1180 663 1180 663 0 9 0 9
 0 5 1492 702 1492 702 1492 702 1492 741 1492 741 1492 741 0 9 0 9
 255 5 1414 559 1414 559 1414 559 1414 520 1414 520 1414 520 0 9 0 9
 16711680 5 998 702 998 702 998 709 1414 709 1414 702 1414 702 0 9 0 9
 16711680 5 972 689 972 689 972 712 1423 712 1423 689 1427 689 0 9 0 9
 16711680 5 1440 702 1440 702 1440 702 1440 702 1453 702 1453 702 0 9 0 9
 16711680 5 1245 572 1245 572 1245 578 1427 578 1427 572 1427 572 0 9 0 9
 16711680 5 1284 585 1284 585 1284 591 1440 591 1440 585 1440 585 0 9 0 9
 16711680 5 1453 598 1453 598 1463 598 1463 663 1466 663 1466 663 0 9 0 9
 16711680 5 1479 702 1479 702 1479 726 417 726 417 428 410 428 0 9 0 3
 33023 5 423 402 423 402 423 408 748 408 748 402 748 402 0 3 0 3
 33023 5 868 676 868 676 868 683 894 683 894 676 894 676 0 9 0 9
 33023 5 868 611 868 611 868 611 868 650 868 650 868 650 0 9 0 9
 33023 5 501 415 501 415 501 421 748 421 748 415 748 415 0 3 0 3
 33023 5 748 428 741 428 741 534 855 534 855 559 855 559 0 3 0 9
 33023 5 397 389 397 389 280 389 280 389 280 324 280 324 0 3 0 3
 33023 5 436 389 436 389 293 389 293 389 293 324 293 324 0 3 0 3
 33023 5 306 324 306 324 306 544 868 544 868 559 868 559 0 3 0 9
 33023 5 868 702 868 702 868 709 1167 709 1167 702 1167 702 0 9 0 9
11
 7047 1 16 625 337 5 0 0 14992 3
 7008 1 14 261 337 5 0 0 18668 3
 7032 1 14 365 337 5 0 0 18668 3
 7047 1 16 768 337 5 0 0 18668 3
 7090 1 14 469 337 5 0 0 6684 3
 7090 1 14 885 337 5 0 0 6684 3
 7047 1 16 1018 611 5 0 0 6684 9
 7047 1 16 1291 611 5 0 0 6684 9
 7090 1 14 1148 611 5 0 0 6684 9
 7090 1 14 875 611 5 0 0 6684 9
 7008 1 14 1408 611 5 0 0 9552 9
