Version 0.9.7
5
 4 10 175 77 128 0 1
 5 80 400 206 81 2 2
 0 110 110 877 276 8 3
 1 781 398 206 81 140 4
 3 426 31 203 58 150 5
 0
50
 0 5 71 288 71 288 71 358 71 358 163 358 163 358 0 1 0 3
 0 5 215 319 215 319 215 319 215 358 215 358 215 358 0 3 0 3
 0 5 319 319 319 319 319 319 319 358 319 358 319 358 0 3 0 3
 0 5 423 358 423 358 423 358 423 319 423 319 423 319 0 3 0 3
 0 5 930 358 930 358 967 358 967 124 930 124 930 124 0 3 0 3
 255 5 71 189 71 189 71 136 163 136 163 137 163 137 0 1 0 3
 255 5 137 176 137 176 137 144 176 144 176 137 176 137 0 3 0 3
 255 5 241 176 241 176 241 176 241 137 241 137 241 137 0 3 0 3
 255 5 345 176 345 176 345 176 345 137 345 137 345 137 0 3 0 3
 255 5 930 371 930 371 975 371 975 137 930 137 930 137 0 3 0 3
 255 5 796 409 796 409 436 409 436 409 436 371 436 371 0 4 0 3
 0 5 410 358 410 358 405 358 405 467 796 467 796 467 0 3 0 4
 0 5 437 68 437 68 437 124 437 124 436 124 436 124 0 5 0 3
 65535 5 913 409 913 409 914 409 914 319 917 319 917 319 0 4 0 3
 16711680 5 932 409 932 409 931 409 931 319 930 319 930 319 0 4 0 3
 16776960 5 943 319 943 319 943 409 943 409 951 409 951 409 0 3 0 4
 32768 5 956 319 956 319 960 319 960 409 970 409 970 409 0 3 0 4
 32768 5 956 267 956 267 956 267 956 228 956 228 956 228 0 3 0 3
 16776960 5 943 267 943 267 943 267 943 228 943 228 943 228 0 3 0 3
 65535 5 917 267 917 267 917 267 917 228 917 228 917 228 0 3 0 3
 16711680 5 930 267 930 267 930 267 930 228 930 228 930 228 0 3 0 3
 16744448 5 930 306 930 306 930 397 130 397 130 306 137 306 0 3 0 3
 16744448 5 150 306 150 306 150 298 241 298 241 306 241 306 0 3 0 3
 16776960 5 943 306 943 306 943 387 262 387 262 306 254 306 0 3 0 3
 33023 5 267 306 267 306 267 299 345 299 345 306 345 306 0 3 0 3
 16776960 5 163 319 170 319 170 410 262 410 262 319 254 319 0 3 0 3
 16776960 5 293 319 300 319 300 409 170 409 170 319 176 319 0 3 0 3
 16711680 5 280 306 280 306 280 395 931 395 931 293 930 293 0 3 0 3
 33023 5 371 306 371 306 371 306 384 306 384 306 384 306 0 3 0 3
 8454143 5 189 319 189 381 914 381 914 306 917 306 917 306 0 3 0 3
 8454143 5 202 319 202 319 209 319 209 234 293 234 293 215 0 3 0 3
 16744448 5 150 293 156 293 156 209 306 209 306 215 306 215 0 3 0 3
 33023 5 267 176 267 176 267 167 319 167 319 176 319 176 0 3 0 3
 32768 5 956 176 956 176 956 163 254 163 254 176 254 176 0 3 0 3
 33023 5 280 215 280 215 280 242 393 242 393 280 397 280 0 3 0 3
 33023 5 410 280 410 280 410 260 465 260 465 75 472 75 0 3 0 5
 33023 5 306 306 306 306 306 299 358 299 358 306 358 306 0 3 0 3
 16744448 5 150 319 150 319 150 335 449 335 449 319 449 319 0 3 0 3
 255 5 449 176 449 176 449 176 449 137 449 137 449 137 0 3 0 3
 0 5 527 319 527 319 527 319 527 358 527 358 527 358 0 3 0 3
 16776960 5 254 293 254 293 254 285 462 285 462 293 462 293 0 3 0 3
 16777215 5 475 280 446 280 446 242 405 242 405 215 397 215 0 3 0 3
 16711680 5 501 215 501 215 501 207 930 207 930 215 930 215 0 3 0 3
 16777215 5 501 280 501 280 505 280 505 215 514 215 514 215 0 3 0 3
 16777215 5 514 280 514 280 516 280 516 207 410 207 410 215 0 3 0 3
 16777215 5 423 215 423 215 423 215 417 209 358 209 358 215 0 3 0 3
 16777215 5 371 215 371 215 371 242 527 242 527 280 527 280 0 3 0 3
 16777215 5 384 215 384 215 384 103 492 103 492 75 492 75 0 3 0 5
 32768 5 254 189 254 189 254 183 202 183 202 189 202 189 0 3 0 3
 32768 5 215 215 215 215 215 223 488 223 488 280 488 280 0 3 0 3
4
 7008 1 14 235 228 5 0 0 21220 3
 7004 1 14 131 228 5 0 0 21220 3
 7032 1 14 339 228 5 0 0 21220 3
 7008 1 14 443 228 5 0 0 21220 3
