Version 0.9.7
5
 4 10 175 77 128 0 1
 5 82 399 206 81 2 2
 0 110 110 877 276 8 3
 3 431 413 203 58 140 4
 1 174 405 206 81 244 6
 0
21
 255 5 71 189 71 189 71 137 71 137 163 137 163 137 0 1 0 3
 65793 5 71 288 71 288 71 371 71 371 163 371 163 371 0 1 0 3
 65793 5 930 124 930 124 1001 124 1001 371 930 371 930 371 0 3 0 3
 255 5 930 137 930 137 990 137 990 358 930 358 930 358 0 3 0 3
 255 5 176 137 176 137 176 137 176 176 176 176 176 176 0 3 0 3
 255 5 410 137 410 137 410 137 410 176 410 176 410 176 0 3 0 3
 255 5 293 137 293 137 293 137 293 176 293 176 293 176 0 3 0 3
 65793 5 254 371 254 371 260 371 260 318 254 318 254 319 0 3 0 3
 65793 5 371 371 371 371 377 371 377 319 371 319 371 319 0 3 0 3
 65793 5 488 371 488 371 494 371 494 319 488 319 488 319 0 3 0 3
 16776960 5 306 319 306 319 306 332 176 332 176 319 176 319 0 3 0 3
 16711808 5 202 319 202 319 202 312 410 312 410 319 410 319 0 3 0 3
 16711808 5 241 319 241 319 241 300 417 300 417 319 423 319 0 3 0 3
 65793 5 423 371 423 371 423 450 423 450 442 450 442 450 0 3 0 4
 0 5 176 371 176 371 171 371 171 474 189 474 189 474 0 3 0 6
 255 5 176 358 176 358 182 358 182 416 189 416 189 416 0 3 0 6
 16776960 5 293 319 293 319 293 416 293 416 287 416 287 416 0 3 0 6
 16776960 5 215 319 215 396 280 396 280 429 287 429 287 429 0 3 0 6
 65535 5 189 306 189 306 198 306 198 416 230 416 230 416 0 3 0 6
 16711808 5 436 319 436 340 457 340 457 457 477 457 477 457 0 3 0 4
 16711935 5 228 293 228 293 248 293 248 416 249 416 249 416 0 3 0 6
3
 7008 1 14 170 228 5 0 0 13056 3
 7004 1 14 287 228 5 0 0 13056 3
 7032 1 14 404 228 5 0 0 13056 3
