Version 0.9.7
5
 4 10 175 77 128 0 1
 5 80 400 206 81 2 2
 0 110 110 877 276 8 3
 1 293 410 206 81 140 4
 3 523 424 203 58 150 5
 0
40
 255 5 71 189 71 189 71 139 163 139 163 137 163 137 0 1 0 3
 255 5 930 137 930 137 991 137 991 358 930 358 930 358 0 3 0 3
 255 5 176 137 176 150 129 150 129 189 137 189 137 189 0 3 0 3
 255 5 254 176 254 176 254 176 254 137 254 137 254 137 0 3 0 3
 255 5 371 176 371 176 371 176 371 137 371 137 371 137 0 3 0 3
 255 5 488 176 488 176 488 176 488 137 488 137 488 137 0 3 0 3
 65793 5 71 288 71 288 59 288 59 124 163 124 163 124 0 1 0 3
 65793 5 930 371 930 371 1001 371 1001 124 930 124 930 124 0 3 0 3
 65793 5 293 371 293 371 293 479 293 479 308 479 308 479 0 3 0 4
 65793 5 215 319 215 319 222 319 222 371 215 371 215 371 0 3 0 3
 65793 5 332 319 332 319 339 319 339 371 332 371 332 371 0 3 0 3
 65793 5 449 319 449 319 454 319 454 371 449 371 449 371 0 3 0 3
 65793 5 566 319 566 319 572 319 572 371 566 371 566 371 0 3 0 3
 255 5 308 421 308 421 301 421 301 358 306 358 306 358 0 4 0 3
 65535 5 349 421 340 421 340 497 137 497 137 319 137 319 0 4 0 3
 65535 5 150 319 150 319 150 326 254 326 254 319 254 319 0 3 0 3
 16711680 5 150 306 150 306 150 313 267 313 267 319 267 319 0 3 0 3
 65280 5 387 421 387 421 387 410 605 410 605 319 605 319 0 4 0 3
 65280 5 605 267 605 267 605 267 605 228 605 228 605 228 0 3 0 3
 65280 5 605 215 605 215 605 223 267 223 267 215 267 215 0 3 0 3
 0 5 534 461 534 461 521 461 521 371 527 371 527 371 0 5 0 3
 33023 5 280 215 280 215 280 224 488 224 488 280 488 280 0 3 0 3
 65535 5 150 293 150 293 150 285 280 285 280 293 280 293 0 3 0 3
 65280 5 605 280 605 280 605 286 293 286 293 280 293 280 0 3 0 3
 16711808 5 406 421 406 421 644 421 644 421 644 319 644 319 0 4 0 3
 16711808 5 644 267 644 267 644 267 644 228 644 228 644 228 0 3 0 3
 16711808 5 306 280 306 280 306 299 644 299 644 280 644 280 0 3 0 3
 33023 5 319 280 319 280 319 285 501 285 501 280 501 280 0 3 0 3
 33023 5 514 280 514 280 514 223 540 223 540 215 540 215 0 3 0 3
 16711680 5 150 280 150 280 150 272 371 272 371 280 371 280 0 3 0 3
 65280 5 384 280 391 280 391 300 605 300 605 293 605 293 0 3 0 3
 16711808 5 384 215 384 215 384 209 644 209 644 215 644 215 0 3 0 3
 8421440 5 397 215 397 215 397 223 527 223 527 280 527 280 0 3 0 3
 16711680 5 368 421 368 398 391 398 391 280 397 280 397 280 0 4 0 3
 65280 5 605 202 605 202 605 196 202 196 202 202 202 202 0 3 0 3
 65280 5 215 202 209 202 209 224 409 224 409 280 410 280 0 3 0 3
 16711808 5 423 280 423 280 423 286 644 286 644 306 644 306 0 3 0 3
 8421440 5 540 280 540 280 540 285 436 285 436 280 436 280 0 3 0 3
 8421440 5 553 280 553 280 553 280 553 215 553 215 553 215 0 3 0 3
 16776960 5 566 215 566 209 703 209 703 468 709 468 709 468 0 3 0 5
4
 7004 1 14 131 228 5 0 0 9852 3
 7011 1 14 248 228 5 0 0 9852 3
 7011 1 14 365 228 5 0 0 9852 3
 7032 1 14 482 228 5 0 0 9852 3
