Version 0.9.7
5
 4 10 175 77 128 0 1
 5 432 399 206 81 2 2
 0 136 110 877 276 8 3
 3 432 21 203 58 150 5
 1 208 397 206 81 159 6
 1
70
 255 5 71 189 71 189 71 123 189 123 189 124 189 124 0 1 0 3
 255 5 956 124 956 124 1038 124 1038 358 956 358 956 358 0 3 0 3
 0 5 71 288 71 288 71 371 71 371 189 371 189 371 0 1 0 3
 0 5 956 371 956 371 1024 371 1024 137 956 137 956 137 0 3 0 3
 0 5 202 371 202 371 202 466 202 466 223 466 223 466 0 3 0 6
 255 5 215 358 215 358 223 358 223 358 223 408 223 408 0 3 0 6
 255 5 202 358 202 358 202 358 202 319 202 319 202 319 0 3 0 3
 255 5 345 319 345 319 345 319 345 358 345 358 345 358 0 3 0 3
 255 5 449 176 449 176 444 176 444 124 449 124 449 124 0 3 0 3
 255 5 631 319 631 319 631 319 631 358 631 358 631 358 0 3 0 3
 255 5 774 319 774 319 774 319 774 358 774 358 774 358 0 3 0 3
 0 5 631 176 631 176 631 176 631 137 631 137 631 137 0 3 0 3
 0 5 527 319 527 319 521 319 521 371 527 371 527 371 0 3 0 3
 0 5 774 176 774 176 774 176 774 137 774 137 774 137 0 3 0 3
 0 5 345 176 345 176 345 176 345 137 345 137 345 137 0 3 0 3
 0 5 202 176 202 176 202 176 202 137 202 137 202 137 0 3 0 3
 16776960 5 267 319 267 319 260 319 260 408 264 408 264 408 0 3 0 6
 16776960 5 267 267 267 267 267 267 267 228 267 228 267 228 0 3 0 3
 16776960 5 267 189 267 189 267 183 163 183 163 189 163 189 0 3 0 3
 16711935 5 605 410 606 410 606 390 274 390 274 319 280 319 0 2 0 3
 16711935 5 605 423 605 422 690 422 690 319 696 319 696 319 0 2 0 3
 16711935 5 280 306 280 306 280 311 163 311 163 306 163 306 0 3 0 3
 16711935 5 215 293 215 293 215 300 280 300 280 293 280 293 0 3 0 3
 16711935 5 592 319 592 319 592 329 644 329 644 319 644 319 0 3 0 3
 16711935 5 280 280 280 280 280 287 306 287 306 280 306 280 0 3 0 3
 16711935 5 306 293 306 293 306 300 358 300 358 293 358 293 0 3 0 3
 65793 5 447 468 447 468 423 468 423 468 423 371 423 371 0 2 0 3
 255 5 447 410 447 410 442 410 442 358 449 358 449 358 0 2 0 3
 16777215 5 283 421 292 421 292 444 703 444 703 319 709 319 0 6 0 3
 16777215 5 283 408 283 408 283 394 403 394 403 319 410 319 0 6 0 3
 16777215 5 176 280 176 280 176 275 410 275 410 280 410 280 0 3 0 3
 16777215 5 410 293 404 293 404 274 319 274 319 280 319 280 0 3 0 3
 16777215 5 319 293 319 293 319 286 371 286 371 293 371 293 0 3 0 3
 16777215 5 709 267 709 267 709 273 605 273 605 280 605 280 0 3 0 3
 16777215 5 605 293 605 293 605 287 657 287 657 293 657 293 0 3 0 3
 16776960 5 163 176 163 176 163 165 462 165 462 176 462 176 0 3 0 3
 33023 5 475 215 475 215 475 221 180 221 180 280 189 280 0 3 0 3
 65280 5 189 215 197 215 197 237 241 237 241 280 241 280 0 3 0 3
 16776960 5 241 293 248 293 248 261 442 261 442 293 449 293 0 3 0 3
 33023 5 462 280 456 280 456 233 215 233 215 215 215 215 0 3 0 3
 65280 5 228 215 228 215 228 210 306 210 306 215 306 215 0 3 0 3
 16776960 5 306 189 306 189 306 183 488 183 488 189 488 189 0 3 0 3
 33023 5 501 215 495 215 495 240 332 240 332 280 332 280 0 3 0 3
 65280 5 332 215 332 215 332 236 383 236 383 280 384 280 0 3 0 3
 16776960 5 384 293 391 293 391 255 466 255 466 293 475 293 0 3 0 3
 33023 5 488 280 488 280 488 236 358 236 358 215 358 215 0 3 0 3
 65280 5 371 215 371 215 371 210 592 210 592 215 592 215 0 3 0 3
 16776960 5 592 202 585 202 585 273 501 273 501 280 501 280 0 3 0 3
 33023 5 514 280 514 280 514 267 618 267 618 280 618 280 0 3 0 3
 65280 5 618 215 618 215 618 225 670 225 670 280 670 280 0 3 0 3
 16776960 5 670 293 670 293 670 284 521 284 521 215 514 215 0 3 0 3
 33023 5 644 215 644 215 644 221 527 221 527 215 527 215 0 3 0 3
 65280 5 657 215 657 215 657 209 735 209 735 215 735 215 0 3 0 3
 16711935 5 696 306 696 306 696 312 644 312 644 306 644 306 0 3 0 3
 16777215 5 709 306 709 306 709 311 748 311 748 306 748 306 0 3 0 3
 16711935 5 696 293 696 293 696 300 735 300 735 293 735 293 0 3 0 3
 16711935 5 735 319 735 319 735 326 787 326 787 319 787 319 0 3 0 3
 16776960 5 735 202 735 202 735 206 873 206 873 280 878 280 0 3 0 3
 33023 5 891 280 891 280 891 286 761 286 761 280 761 280 0 3 0 3
 0 5 436 137 436 137 429 137 429 58 443 58 443 58 0 3 0 5
 65280 5 189 176 189 176 189 83 478 83 478 65 478 65 0 3 0 5
 65280 5 228 176 228 176 228 91 498 91 498 65 498 65 0 3 0 5
 65280 5 332 176 332 176 332 99 518 99 518 65 518 65 0 3 0 5
 65280 5 371 176 371 176 371 107 538 107 538 65 538 65 0 3 0 5
 65280 5 618 176 618 176 618 106 558 106 558 65 558 65 0 3 0 5
 65280 5 657 176 657 176 657 98 578 98 578 65 578 65 0 3 0 5
 65280 5 761 176 761 176 761 88 598 88 598 65 598 65 0 3 0 5
 16711935 5 605 436 605 436 1074 436 1074 65 618 65 618 65 0 2 0 5
 0 5 956 319 956 319 949 319 949 371 943 371 943 371 0 3 0 3
 255 5 878 176 878 176 872 176 872 124 878 124 878 124 0 3 0 3
6
 7073 1 14 157 228 5 0 0 7260 3
 7004 1 14 443 228 5 0 0 7260 3
 7073 1 14 300 228 5 0 0 7260 3
 7073 1 14 586 228 5 0 0 7260 3
 7073 1 14 729 228 5 0 0 7260 3
 7004 1 14 872 228 5 0 0 7260 3
