Version 0.9.7
5
 4 10 175 77 128 0 1
 5 80 400 206 81 2 2
 0 110 110 877 276 8 3
 1 707 425 206 81 140 4
 3 711 41 203 58 150 5
 0
51
 255 5 71 189 71 189 71 137 71 137 163 137 163 137 0 1 0 3
 255 5 930 137 930 137 965 137 965 371 930 371 930 371 0 3 0 3
 255 5 215 176 215 176 215 176 215 137 215 137 215 137 0 3 0 3
 255 5 358 176 358 176 358 176 358 137 358 137 358 137 0 3 0 3
 255 5 501 176 501 176 501 176 501 137 501 137 501 137 0 3 0 3
 255 5 644 176 644 176 644 176 644 137 644 137 644 137 0 3 0 3
 0 5 71 288 71 288 71 358 71 358 163 358 163 358 0 1 0 3
 0 5 293 319 293 319 293 319 293 358 293 358 293 358 0 3 0 3
 0 5 436 319 436 319 436 319 436 358 436 358 436 358 0 3 0 3
 0 5 579 319 579 319 579 319 579 358 579 358 579 358 0 3 0 3
 0 5 722 319 722 319 722 319 722 358 722 358 722 358 0 3 0 3
 0 5 930 124 930 124 964 124 964 358 930 358 930 358 0 3 0 3
 0 5 722 78 722 78 722 124 722 124 722 124 722 124 0 5 0 3
 65535 5 761 267 761 267 761 267 761 228 761 228 761 228 0 3 0 3
 65535 5 761 176 761 176 756 176 756 85 757 85 757 85 0 3 0 5
 65535 5 761 319 761 320 756 320 756 436 763 436 763 436 0 3 0 4
 255 5 722 371 722 371 722 371 722 436 722 436 722 436 0 3 0 4
 0 5 709 358 709 358 717 358 717 494 722 494 722 494 0 3 0 4
 65408 5 782 436 782 436 781 436 781 319 787 319 787 319 0 4 0 3
 65408 5 787 267 787 267 787 267 787 228 787 228 787 228 0 3 0 3
 8388608 5 384 280 384 280 384 259 644 259 644 280 644 280 0 3 0 3
 65535 5 215 319 209 319 209 391 755 391 755 306 761 306 0 3 0 3
 8454143 5 358 319 358 319 358 330 228 330 228 319 228 319 0 3 0 3
 65535 5 397 319 391 319 391 391 755 391 755 293 761 293 0 3 0 3
 65408 5 371 319 365 319 365 404 780 404 780 293 787 293 0 3 0 3
 16777215 5 670 280 666 280 666 79 777 79 777 85 777 85 0 3 0 5
 4227200 5 423 280 423 280 423 259 657 259 657 280 657 280 0 3 0 3
 12615680 5 801 436 801 436 794 436 794 319 800 319 800 319 0 4 0 3
 12615680 5 800 267 800 267 796 267 796 228 800 228 800 228 0 3 0 3
 65408 5 241 319 241 319 241 403 780 403 780 306 787 306 0 3 0 3
 4259584 5 410 319 410 319 410 331 254 331 254 319 254 319 0 3 0 3
 65408 5 267 319 263 319 263 404 780 404 780 280 787 280 0 3 0 3
 65280 5 410 215 410 196 286 196 286 319 280 319 280 319 0 3 0 3
 12615680 5 423 215 423 215 423 186 794 186 794 215 800 215 0 3 0 3
 8421440 5 436 215 436 215 436 260 683 260 683 280 683 280 0 3 0 3
 65408 5 371 215 365 215 365 195 787 195 787 215 787 215 0 3 0 3
 12615680 5 800 202 794 202 794 184 287 184 287 215 280 215 0 3 0 3
 16744448 5 293 215 299 215 299 185 379 185 379 215 384 215 0 3 0 3
 12632256 5 397 215 397 215 397 259 696 259 696 280 696 280 0 3 0 3
 4194368 5 709 280 663 280 663 76 797 76 797 85 797 85 0 3 0 5
 33023 5 820 436 820 436 807 436 807 319 813 319 813 319 0 4 0 3
 33023 5 813 267 813 267 808 267 808 228 813 228 813 228 0 3 0 3
 16512 5 696 215 696 215 696 260 527 260 527 280 527 280 0 3 0 3
 12615680 5 800 280 800 280 800 280 794 271 540 271 540 280 0 3 0 3
 4227327 5 254 215 254 215 254 412 808 412 808 202 813 202 0 3 0 3
 4227327 5 267 215 263 215 263 411 547 411 547 280 553 280 0 3 0 3
 16711808 5 709 215 709 215 706 215 706 261 566 261 566 280 0 3 0 3
 16776960 5 817 85 817 74 664 74 664 209 722 209 722 215 0 5 0 3
 4227327 5 514 280 508 280 508 411 809 411 809 280 813 280 0 3 0 3
 12615680 5 800 189 800 180 222 180 222 215 228 215 228 215 0 3 0 3
 12615680 5 241 215 241 215 241 181 493 181 493 280 501 280 0 3 0 3
4
 7008 1 14 495 228 5 0 0 11216 3
 7008 1 14 352 228 5 0 0 11216 3
 7004 1 14 209 228 5 0 0 11216 3
 7032 1 14 638 228 5 0 0 11216 3
